{
  "nbformat": 4,
  "nbformat_minor": 0,
  "metadata": {
    "colab": {
      "provenance": []
    },
    "kernelspec": {
      "name": "python3",
      "display_name": "Python 3"
    },
    "language_info": {
      "name": "python"
    }
  },
  "cells": [
    {
      "cell_type": "code",
      "execution_count": 67,
      "metadata": {
        "id": "qQWTKEdDoY_j",
        "colab": {
          "base_uri": "https://localhost:8080/"
        },
        "outputId": "6a6737ac-1d3f-4a15-f981-99081cf50c6c"
      },
      "outputs": [
        {
          "output_type": "stream",
          "name": "stdout",
          "text": [
            "Drive already mounted at /content/drive; to attempt to forcibly remount, call drive.mount(\"/content/drive\", force_remount=True).\n"
          ]
        }
      ],
      "source": [
        "from google.colab import drive\n",
        "drive.mount('/content/drive')"
      ]
    },
    {
      "cell_type": "code",
      "source": [
        "import pandas as pd\n",
        "import numpy as np\n",
        "import seaborn as sns\n",
        "import matplotlib.pyplot as plt\n",
        "from sklearn.impute import SimpleImputer\n",
        "from sklearn.metrics import mean_squared_error, mean_absolute_error, r2_score\n",
        "from sklearn.model_selection import train_test_split, GridSearchCV\n",
        "from sklearn.ensemble import RandomForestRegressor, GradientBoostingRegressor\n",
        "from sklearn.linear_model import LinearRegression\n",
        "from sklearn.preprocessing import StandardScaler\n",
        "from sklearn import linear_model\n",
        "from statsmodels.tsa.stattools import adfuller\n",
        "from statsmodels.graphics.tsaplots import plot_acf\n",
        "from statsmodels.graphics.tsaplots import plot_pacf\n",
        "from statsmodels.tsa.arima.model import ARIMA\n",
        "import warnings\n",
        "import time\n",
        "import os\n",
        "from IPython.core.debugger import set_trace\n",
        "import xgboost as xgb\n",
        "from statsmodels.tsa.seasonal import seasonal_decompose\n",
        "from scipy import stats\n",
        "\n"
      ],
      "metadata": {
        "id": "3yVEDVCgr3XT"
      },
      "execution_count": 68,
      "outputs": []
    },
    {
      "cell_type": "code",
      "source": [
        "df=pd.read_csv('/content/drive/MyDrive/Colab Notebooks/Data Science/Project/tsla_2014_2023.csv',index_col='date')"
      ],
      "metadata": {
        "id": "2gL_Nm8Krz8y"
      },
      "execution_count": 69,
      "outputs": []
    },
    {
      "cell_type": "code",
      "source": [
        "df.corr()"
      ],
      "metadata": {
        "id": "7NUG8Q6K9bh9",
        "colab": {
          "base_uri": "https://localhost:8080/",
          "height": 665
        },
        "outputId": "3b15bdb2-0183-41a4-bd76-153ebbaac3ec"
      },
      "execution_count": 70,
      "outputs": [
        {
          "output_type": "execute_result",
          "data": {
            "text/plain": [
              "                    open      high       low     close    volume     rsi_7  \\\n",
              "open            1.000000  0.999681  0.999556  0.999081 -0.048496  0.024458   \n",
              "high            0.999681  1.000000  0.999565  0.999588 -0.043794  0.027980   \n",
              "low             0.999556  0.999565  1.000000  0.999630 -0.052868  0.032187   \n",
              "close           0.999081  0.999588  0.999630  1.000000 -0.047304  0.034840   \n",
              "volume         -0.048496 -0.043794 -0.052868 -0.047304  1.000000  0.107823   \n",
              "rsi_7           0.024458  0.027980  0.032187  0.034840  0.107823  1.000000   \n",
              "rsi_14          0.047803  0.050200  0.054093  0.055775  0.143783  0.939090   \n",
              "cci_7          -0.010777 -0.006634 -0.002969 -0.000664  0.075128  0.803789   \n",
              "cci_14          0.006777  0.009264  0.013449  0.014115  0.097713  0.911994   \n",
              "sma_50          0.979416  0.979658  0.978435  0.978644 -0.071812 -0.065924   \n",
              "ema_50          0.985958  0.986117  0.985119  0.985216 -0.069262 -0.054771   \n",
              "sma_100         0.964314  0.964683  0.963589  0.963729 -0.077626 -0.064616   \n",
              "ema_100         0.973659  0.973921  0.972926  0.973009 -0.074654 -0.062122   \n",
              "macd            0.186742  0.185808  0.190718  0.189382  0.107738  0.411385   \n",
              "bollinger       0.992499  0.992456  0.991683  0.991656 -0.062349 -0.044573   \n",
              "TrueRange       0.840898  0.846708  0.831847  0.838637  0.145996 -0.041804   \n",
              "atr_7           0.936534  0.938846  0.932206  0.935253  0.044622 -0.063086   \n",
              "atr_14          0.942487  0.944249  0.938995  0.941290  0.016277 -0.073597   \n",
              "next_day_close  0.997923  0.998388  0.998451  0.998753 -0.046496  0.036716   \n",
              "\n",
              "                  rsi_14     cci_7    cci_14    sma_50    ema_50   sma_100  \\\n",
              "open            0.047803 -0.010777  0.006777  0.979416  0.985958  0.964314   \n",
              "high            0.050200 -0.006634  0.009264  0.979658  0.986117  0.964683   \n",
              "low             0.054093 -0.002969  0.013449  0.978435  0.985119  0.963589   \n",
              "close           0.055775 -0.000664  0.014115  0.978644  0.985216  0.963729   \n",
              "volume          0.143783  0.075128  0.097713 -0.071812 -0.069262 -0.077626   \n",
              "rsi_7           0.939090  0.803789  0.911994 -0.065924 -0.054771 -0.064616   \n",
              "rsi_14          1.000000  0.642162  0.800128 -0.068600 -0.050970 -0.079658   \n",
              "cci_7           0.642162  1.000000  0.843187 -0.061407 -0.057481 -0.056424   \n",
              "cci_14          0.800128  0.843187  1.000000 -0.062565 -0.056347 -0.057897   \n",
              "sma_50         -0.068600 -0.061407 -0.062565  1.000000  0.998735  0.990579   \n",
              "ema_50         -0.050970 -0.057481 -0.056347  0.998735  1.000000  0.990951   \n",
              "sma_100        -0.079658 -0.056424 -0.057897  0.990579  0.990951  1.000000   \n",
              "ema_100        -0.070005 -0.057061 -0.058514  0.995112  0.995943  0.998042   \n",
              "macd            0.555671  0.178731  0.288843 -0.009817  0.028178 -0.040614   \n",
              "bollinger      -0.024142 -0.057156 -0.054715  0.991725  0.995674  0.975989   \n",
              "TrueRange      -0.017716 -0.060943 -0.057570  0.841226  0.842724  0.825283   \n",
              "atr_7          -0.050404 -0.070969 -0.074360  0.947643  0.947720  0.932304   \n",
              "atr_14         -0.070827 -0.072530 -0.077361  0.961874  0.960718  0.951191   \n",
              "next_day_close  0.057424  0.000275  0.015688  0.977417  0.983974  0.962745   \n",
              "\n",
              "                 ema_100      macd  bollinger  TrueRange     atr_7    atr_14  \\\n",
              "open            0.973659  0.186742   0.992499   0.840898  0.936534  0.942487   \n",
              "high            0.973921  0.185808   0.992456   0.846708  0.938846  0.944249   \n",
              "low             0.972926  0.190718   0.991683   0.831847  0.932206  0.938995   \n",
              "close           0.973009  0.189382   0.991656   0.838637  0.935253  0.941290   \n",
              "volume         -0.074654  0.107738  -0.062349   0.145996  0.044622  0.016277   \n",
              "rsi_7          -0.062122  0.411385  -0.044573  -0.041804 -0.063086 -0.073597   \n",
              "rsi_14         -0.070005  0.555671  -0.024142  -0.017716 -0.050404 -0.070827   \n",
              "cci_7          -0.057061  0.178731  -0.057156  -0.060943 -0.070969 -0.072530   \n",
              "cci_14         -0.058514  0.288843  -0.054715  -0.057570 -0.074360 -0.077361   \n",
              "sma_50          0.995112 -0.009817   0.991725   0.841226  0.947643  0.961874   \n",
              "ema_50          0.995943  0.028178   0.995674   0.842724  0.947720  0.960718   \n",
              "sma_100         0.998042 -0.040614   0.975989   0.825283  0.932304  0.951191   \n",
              "ema_100         1.000000 -0.015982   0.984933   0.831909  0.938083  0.954659   \n",
              "macd           -0.015982  1.000000   0.094768   0.079198  0.035484 -0.006267   \n",
              "bollinger       0.984933  0.094768   1.000000   0.844624  0.946907  0.955467   \n",
              "TrueRange       0.831909  0.079198   0.844624   1.000000  0.906693  0.884914   \n",
              "atr_7           0.938083  0.035484   0.946907   0.906693  1.000000  0.994340   \n",
              "atr_14          0.954659 -0.006267   0.955467   0.884914  0.994340  1.000000   \n",
              "next_day_close  0.971891  0.189474   0.990284   0.837535  0.933978  0.939920   \n",
              "\n",
              "                next_day_close  \n",
              "open                  0.997923  \n",
              "high                  0.998388  \n",
              "low                   0.998451  \n",
              "close                 0.998753  \n",
              "volume               -0.046496  \n",
              "rsi_7                 0.036716  \n",
              "rsi_14                0.057424  \n",
              "cci_7                 0.000275  \n",
              "cci_14                0.015688  \n",
              "sma_50                0.977417  \n",
              "ema_50                0.983974  \n",
              "sma_100               0.962745  \n",
              "ema_100               0.971891  \n",
              "macd                  0.189474  \n",
              "bollinger             0.990284  \n",
              "TrueRange             0.837535  \n",
              "atr_7                 0.933978  \n",
              "atr_14                0.939920  \n",
              "next_day_close        1.000000  "
            ],
            "text/html": [
              "\n",
              "  <div id=\"df-dc1a5c17-0acb-4817-95b4-83c64158921d\" class=\"colab-df-container\">\n",
              "    <div>\n",
              "<style scoped>\n",
              "    .dataframe tbody tr th:only-of-type {\n",
              "        vertical-align: middle;\n",
              "    }\n",
              "\n",
              "    .dataframe tbody tr th {\n",
              "        vertical-align: top;\n",
              "    }\n",
              "\n",
              "    .dataframe thead th {\n",
              "        text-align: right;\n",
              "    }\n",
              "</style>\n",
              "<table border=\"1\" class=\"dataframe\">\n",
              "  <thead>\n",
              "    <tr style=\"text-align: right;\">\n",
              "      <th></th>\n",
              "      <th>open</th>\n",
              "      <th>high</th>\n",
              "      <th>low</th>\n",
              "      <th>close</th>\n",
              "      <th>volume</th>\n",
              "      <th>rsi_7</th>\n",
              "      <th>rsi_14</th>\n",
              "      <th>cci_7</th>\n",
              "      <th>cci_14</th>\n",
              "      <th>sma_50</th>\n",
              "      <th>ema_50</th>\n",
              "      <th>sma_100</th>\n",
              "      <th>ema_100</th>\n",
              "      <th>macd</th>\n",
              "      <th>bollinger</th>\n",
              "      <th>TrueRange</th>\n",
              "      <th>atr_7</th>\n",
              "      <th>atr_14</th>\n",
              "      <th>next_day_close</th>\n",
              "    </tr>\n",
              "  </thead>\n",
              "  <tbody>\n",
              "    <tr>\n",
              "      <th>open</th>\n",
              "      <td>1.000000</td>\n",
              "      <td>0.999681</td>\n",
              "      <td>0.999556</td>\n",
              "      <td>0.999081</td>\n",
              "      <td>-0.048496</td>\n",
              "      <td>0.024458</td>\n",
              "      <td>0.047803</td>\n",
              "      <td>-0.010777</td>\n",
              "      <td>0.006777</td>\n",
              "      <td>0.979416</td>\n",
              "      <td>0.985958</td>\n",
              "      <td>0.964314</td>\n",
              "      <td>0.973659</td>\n",
              "      <td>0.186742</td>\n",
              "      <td>0.992499</td>\n",
              "      <td>0.840898</td>\n",
              "      <td>0.936534</td>\n",
              "      <td>0.942487</td>\n",
              "      <td>0.997923</td>\n",
              "    </tr>\n",
              "    <tr>\n",
              "      <th>high</th>\n",
              "      <td>0.999681</td>\n",
              "      <td>1.000000</td>\n",
              "      <td>0.999565</td>\n",
              "      <td>0.999588</td>\n",
              "      <td>-0.043794</td>\n",
              "      <td>0.027980</td>\n",
              "      <td>0.050200</td>\n",
              "      <td>-0.006634</td>\n",
              "      <td>0.009264</td>\n",
              "      <td>0.979658</td>\n",
              "      <td>0.986117</td>\n",
              "      <td>0.964683</td>\n",
              "      <td>0.973921</td>\n",
              "      <td>0.185808</td>\n",
              "      <td>0.992456</td>\n",
              "      <td>0.846708</td>\n",
              "      <td>0.938846</td>\n",
              "      <td>0.944249</td>\n",
              "      <td>0.998388</td>\n",
              "    </tr>\n",
              "    <tr>\n",
              "      <th>low</th>\n",
              "      <td>0.999556</td>\n",
              "      <td>0.999565</td>\n",
              "      <td>1.000000</td>\n",
              "      <td>0.999630</td>\n",
              "      <td>-0.052868</td>\n",
              "      <td>0.032187</td>\n",
              "      <td>0.054093</td>\n",
              "      <td>-0.002969</td>\n",
              "      <td>0.013449</td>\n",
              "      <td>0.978435</td>\n",
              "      <td>0.985119</td>\n",
              "      <td>0.963589</td>\n",
              "      <td>0.972926</td>\n",
              "      <td>0.190718</td>\n",
              "      <td>0.991683</td>\n",
              "      <td>0.831847</td>\n",
              "      <td>0.932206</td>\n",
              "      <td>0.938995</td>\n",
              "      <td>0.998451</td>\n",
              "    </tr>\n",
              "    <tr>\n",
              "      <th>close</th>\n",
              "      <td>0.999081</td>\n",
              "      <td>0.999588</td>\n",
              "      <td>0.999630</td>\n",
              "      <td>1.000000</td>\n",
              "      <td>-0.047304</td>\n",
              "      <td>0.034840</td>\n",
              "      <td>0.055775</td>\n",
              "      <td>-0.000664</td>\n",
              "      <td>0.014115</td>\n",
              "      <td>0.978644</td>\n",
              "      <td>0.985216</td>\n",
              "      <td>0.963729</td>\n",
              "      <td>0.973009</td>\n",
              "      <td>0.189382</td>\n",
              "      <td>0.991656</td>\n",
              "      <td>0.838637</td>\n",
              "      <td>0.935253</td>\n",
              "      <td>0.941290</td>\n",
              "      <td>0.998753</td>\n",
              "    </tr>\n",
              "    <tr>\n",
              "      <th>volume</th>\n",
              "      <td>-0.048496</td>\n",
              "      <td>-0.043794</td>\n",
              "      <td>-0.052868</td>\n",
              "      <td>-0.047304</td>\n",
              "      <td>1.000000</td>\n",
              "      <td>0.107823</td>\n",
              "      <td>0.143783</td>\n",
              "      <td>0.075128</td>\n",
              "      <td>0.097713</td>\n",
              "      <td>-0.071812</td>\n",
              "      <td>-0.069262</td>\n",
              "      <td>-0.077626</td>\n",
              "      <td>-0.074654</td>\n",
              "      <td>0.107738</td>\n",
              "      <td>-0.062349</td>\n",
              "      <td>0.145996</td>\n",
              "      <td>0.044622</td>\n",
              "      <td>0.016277</td>\n",
              "      <td>-0.046496</td>\n",
              "    </tr>\n",
              "    <tr>\n",
              "      <th>rsi_7</th>\n",
              "      <td>0.024458</td>\n",
              "      <td>0.027980</td>\n",
              "      <td>0.032187</td>\n",
              "      <td>0.034840</td>\n",
              "      <td>0.107823</td>\n",
              "      <td>1.000000</td>\n",
              "      <td>0.939090</td>\n",
              "      <td>0.803789</td>\n",
              "      <td>0.911994</td>\n",
              "      <td>-0.065924</td>\n",
              "      <td>-0.054771</td>\n",
              "      <td>-0.064616</td>\n",
              "      <td>-0.062122</td>\n",
              "      <td>0.411385</td>\n",
              "      <td>-0.044573</td>\n",
              "      <td>-0.041804</td>\n",
              "      <td>-0.063086</td>\n",
              "      <td>-0.073597</td>\n",
              "      <td>0.036716</td>\n",
              "    </tr>\n",
              "    <tr>\n",
              "      <th>rsi_14</th>\n",
              "      <td>0.047803</td>\n",
              "      <td>0.050200</td>\n",
              "      <td>0.054093</td>\n",
              "      <td>0.055775</td>\n",
              "      <td>0.143783</td>\n",
              "      <td>0.939090</td>\n",
              "      <td>1.000000</td>\n",
              "      <td>0.642162</td>\n",
              "      <td>0.800128</td>\n",
              "      <td>-0.068600</td>\n",
              "      <td>-0.050970</td>\n",
              "      <td>-0.079658</td>\n",
              "      <td>-0.070005</td>\n",
              "      <td>0.555671</td>\n",
              "      <td>-0.024142</td>\n",
              "      <td>-0.017716</td>\n",
              "      <td>-0.050404</td>\n",
              "      <td>-0.070827</td>\n",
              "      <td>0.057424</td>\n",
              "    </tr>\n",
              "    <tr>\n",
              "      <th>cci_7</th>\n",
              "      <td>-0.010777</td>\n",
              "      <td>-0.006634</td>\n",
              "      <td>-0.002969</td>\n",
              "      <td>-0.000664</td>\n",
              "      <td>0.075128</td>\n",
              "      <td>0.803789</td>\n",
              "      <td>0.642162</td>\n",
              "      <td>1.000000</td>\n",
              "      <td>0.843187</td>\n",
              "      <td>-0.061407</td>\n",
              "      <td>-0.057481</td>\n",
              "      <td>-0.056424</td>\n",
              "      <td>-0.057061</td>\n",
              "      <td>0.178731</td>\n",
              "      <td>-0.057156</td>\n",
              "      <td>-0.060943</td>\n",
              "      <td>-0.070969</td>\n",
              "      <td>-0.072530</td>\n",
              "      <td>0.000275</td>\n",
              "    </tr>\n",
              "    <tr>\n",
              "      <th>cci_14</th>\n",
              "      <td>0.006777</td>\n",
              "      <td>0.009264</td>\n",
              "      <td>0.013449</td>\n",
              "      <td>0.014115</td>\n",
              "      <td>0.097713</td>\n",
              "      <td>0.911994</td>\n",
              "      <td>0.800128</td>\n",
              "      <td>0.843187</td>\n",
              "      <td>1.000000</td>\n",
              "      <td>-0.062565</td>\n",
              "      <td>-0.056347</td>\n",
              "      <td>-0.057897</td>\n",
              "      <td>-0.058514</td>\n",
              "      <td>0.288843</td>\n",
              "      <td>-0.054715</td>\n",
              "      <td>-0.057570</td>\n",
              "      <td>-0.074360</td>\n",
              "      <td>-0.077361</td>\n",
              "      <td>0.015688</td>\n",
              "    </tr>\n",
              "    <tr>\n",
              "      <th>sma_50</th>\n",
              "      <td>0.979416</td>\n",
              "      <td>0.979658</td>\n",
              "      <td>0.978435</td>\n",
              "      <td>0.978644</td>\n",
              "      <td>-0.071812</td>\n",
              "      <td>-0.065924</td>\n",
              "      <td>-0.068600</td>\n",
              "      <td>-0.061407</td>\n",
              "      <td>-0.062565</td>\n",
              "      <td>1.000000</td>\n",
              "      <td>0.998735</td>\n",
              "      <td>0.990579</td>\n",
              "      <td>0.995112</td>\n",
              "      <td>-0.009817</td>\n",
              "      <td>0.991725</td>\n",
              "      <td>0.841226</td>\n",
              "      <td>0.947643</td>\n",
              "      <td>0.961874</td>\n",
              "      <td>0.977417</td>\n",
              "    </tr>\n",
              "    <tr>\n",
              "      <th>ema_50</th>\n",
              "      <td>0.985958</td>\n",
              "      <td>0.986117</td>\n",
              "      <td>0.985119</td>\n",
              "      <td>0.985216</td>\n",
              "      <td>-0.069262</td>\n",
              "      <td>-0.054771</td>\n",
              "      <td>-0.050970</td>\n",
              "      <td>-0.057481</td>\n",
              "      <td>-0.056347</td>\n",
              "      <td>0.998735</td>\n",
              "      <td>1.000000</td>\n",
              "      <td>0.990951</td>\n",
              "      <td>0.995943</td>\n",
              "      <td>0.028178</td>\n",
              "      <td>0.995674</td>\n",
              "      <td>0.842724</td>\n",
              "      <td>0.947720</td>\n",
              "      <td>0.960718</td>\n",
              "      <td>0.983974</td>\n",
              "    </tr>\n",
              "    <tr>\n",
              "      <th>sma_100</th>\n",
              "      <td>0.964314</td>\n",
              "      <td>0.964683</td>\n",
              "      <td>0.963589</td>\n",
              "      <td>0.963729</td>\n",
              "      <td>-0.077626</td>\n",
              "      <td>-0.064616</td>\n",
              "      <td>-0.079658</td>\n",
              "      <td>-0.056424</td>\n",
              "      <td>-0.057897</td>\n",
              "      <td>0.990579</td>\n",
              "      <td>0.990951</td>\n",
              "      <td>1.000000</td>\n",
              "      <td>0.998042</td>\n",
              "      <td>-0.040614</td>\n",
              "      <td>0.975989</td>\n",
              "      <td>0.825283</td>\n",
              "      <td>0.932304</td>\n",
              "      <td>0.951191</td>\n",
              "      <td>0.962745</td>\n",
              "    </tr>\n",
              "    <tr>\n",
              "      <th>ema_100</th>\n",
              "      <td>0.973659</td>\n",
              "      <td>0.973921</td>\n",
              "      <td>0.972926</td>\n",
              "      <td>0.973009</td>\n",
              "      <td>-0.074654</td>\n",
              "      <td>-0.062122</td>\n",
              "      <td>-0.070005</td>\n",
              "      <td>-0.057061</td>\n",
              "      <td>-0.058514</td>\n",
              "      <td>0.995112</td>\n",
              "      <td>0.995943</td>\n",
              "      <td>0.998042</td>\n",
              "      <td>1.000000</td>\n",
              "      <td>-0.015982</td>\n",
              "      <td>0.984933</td>\n",
              "      <td>0.831909</td>\n",
              "      <td>0.938083</td>\n",
              "      <td>0.954659</td>\n",
              "      <td>0.971891</td>\n",
              "    </tr>\n",
              "    <tr>\n",
              "      <th>macd</th>\n",
              "      <td>0.186742</td>\n",
              "      <td>0.185808</td>\n",
              "      <td>0.190718</td>\n",
              "      <td>0.189382</td>\n",
              "      <td>0.107738</td>\n",
              "      <td>0.411385</td>\n",
              "      <td>0.555671</td>\n",
              "      <td>0.178731</td>\n",
              "      <td>0.288843</td>\n",
              "      <td>-0.009817</td>\n",
              "      <td>0.028178</td>\n",
              "      <td>-0.040614</td>\n",
              "      <td>-0.015982</td>\n",
              "      <td>1.000000</td>\n",
              "      <td>0.094768</td>\n",
              "      <td>0.079198</td>\n",
              "      <td>0.035484</td>\n",
              "      <td>-0.006267</td>\n",
              "      <td>0.189474</td>\n",
              "    </tr>\n",
              "    <tr>\n",
              "      <th>bollinger</th>\n",
              "      <td>0.992499</td>\n",
              "      <td>0.992456</td>\n",
              "      <td>0.991683</td>\n",
              "      <td>0.991656</td>\n",
              "      <td>-0.062349</td>\n",
              "      <td>-0.044573</td>\n",
              "      <td>-0.024142</td>\n",
              "      <td>-0.057156</td>\n",
              "      <td>-0.054715</td>\n",
              "      <td>0.991725</td>\n",
              "      <td>0.995674</td>\n",
              "      <td>0.975989</td>\n",
              "      <td>0.984933</td>\n",
              "      <td>0.094768</td>\n",
              "      <td>1.000000</td>\n",
              "      <td>0.844624</td>\n",
              "      <td>0.946907</td>\n",
              "      <td>0.955467</td>\n",
              "      <td>0.990284</td>\n",
              "    </tr>\n",
              "    <tr>\n",
              "      <th>TrueRange</th>\n",
              "      <td>0.840898</td>\n",
              "      <td>0.846708</td>\n",
              "      <td>0.831847</td>\n",
              "      <td>0.838637</td>\n",
              "      <td>0.145996</td>\n",
              "      <td>-0.041804</td>\n",
              "      <td>-0.017716</td>\n",
              "      <td>-0.060943</td>\n",
              "      <td>-0.057570</td>\n",
              "      <td>0.841226</td>\n",
              "      <td>0.842724</td>\n",
              "      <td>0.825283</td>\n",
              "      <td>0.831909</td>\n",
              "      <td>0.079198</td>\n",
              "      <td>0.844624</td>\n",
              "      <td>1.000000</td>\n",
              "      <td>0.906693</td>\n",
              "      <td>0.884914</td>\n",
              "      <td>0.837535</td>\n",
              "    </tr>\n",
              "    <tr>\n",
              "      <th>atr_7</th>\n",
              "      <td>0.936534</td>\n",
              "      <td>0.938846</td>\n",
              "      <td>0.932206</td>\n",
              "      <td>0.935253</td>\n",
              "      <td>0.044622</td>\n",
              "      <td>-0.063086</td>\n",
              "      <td>-0.050404</td>\n",
              "      <td>-0.070969</td>\n",
              "      <td>-0.074360</td>\n",
              "      <td>0.947643</td>\n",
              "      <td>0.947720</td>\n",
              "      <td>0.932304</td>\n",
              "      <td>0.938083</td>\n",
              "      <td>0.035484</td>\n",
              "      <td>0.946907</td>\n",
              "      <td>0.906693</td>\n",
              "      <td>1.000000</td>\n",
              "      <td>0.994340</td>\n",
              "      <td>0.933978</td>\n",
              "    </tr>\n",
              "    <tr>\n",
              "      <th>atr_14</th>\n",
              "      <td>0.942487</td>\n",
              "      <td>0.944249</td>\n",
              "      <td>0.938995</td>\n",
              "      <td>0.941290</td>\n",
              "      <td>0.016277</td>\n",
              "      <td>-0.073597</td>\n",
              "      <td>-0.070827</td>\n",
              "      <td>-0.072530</td>\n",
              "      <td>-0.077361</td>\n",
              "      <td>0.961874</td>\n",
              "      <td>0.960718</td>\n",
              "      <td>0.951191</td>\n",
              "      <td>0.954659</td>\n",
              "      <td>-0.006267</td>\n",
              "      <td>0.955467</td>\n",
              "      <td>0.884914</td>\n",
              "      <td>0.994340</td>\n",
              "      <td>1.000000</td>\n",
              "      <td>0.939920</td>\n",
              "    </tr>\n",
              "    <tr>\n",
              "      <th>next_day_close</th>\n",
              "      <td>0.997923</td>\n",
              "      <td>0.998388</td>\n",
              "      <td>0.998451</td>\n",
              "      <td>0.998753</td>\n",
              "      <td>-0.046496</td>\n",
              "      <td>0.036716</td>\n",
              "      <td>0.057424</td>\n",
              "      <td>0.000275</td>\n",
              "      <td>0.015688</td>\n",
              "      <td>0.977417</td>\n",
              "      <td>0.983974</td>\n",
              "      <td>0.962745</td>\n",
              "      <td>0.971891</td>\n",
              "      <td>0.189474</td>\n",
              "      <td>0.990284</td>\n",
              "      <td>0.837535</td>\n",
              "      <td>0.933978</td>\n",
              "      <td>0.939920</td>\n",
              "      <td>1.000000</td>\n",
              "    </tr>\n",
              "  </tbody>\n",
              "</table>\n",
              "</div>\n",
              "    <div class=\"colab-df-buttons\">\n",
              "\n",
              "  <div class=\"colab-df-container\">\n",
              "    <button class=\"colab-df-convert\" onclick=\"convertToInteractive('df-dc1a5c17-0acb-4817-95b4-83c64158921d')\"\n",
              "            title=\"Convert this dataframe to an interactive table.\"\n",
              "            style=\"display:none;\">\n",
              "\n",
              "  <svg xmlns=\"http://www.w3.org/2000/svg\" height=\"24px\" viewBox=\"0 -960 960 960\">\n",
              "    <path d=\"M120-120v-720h720v720H120Zm60-500h600v-160H180v160Zm220 220h160v-160H400v160Zm0 220h160v-160H400v160ZM180-400h160v-160H180v160Zm440 0h160v-160H620v160ZM180-180h160v-160H180v160Zm440 0h160v-160H620v160Z\"/>\n",
              "  </svg>\n",
              "    </button>\n",
              "\n",
              "  <style>\n",
              "    .colab-df-container {\n",
              "      display:flex;\n",
              "      gap: 12px;\n",
              "    }\n",
              "\n",
              "    .colab-df-convert {\n",
              "      background-color: #E8F0FE;\n",
              "      border: none;\n",
              "      border-radius: 50%;\n",
              "      cursor: pointer;\n",
              "      display: none;\n",
              "      fill: #1967D2;\n",
              "      height: 32px;\n",
              "      padding: 0 0 0 0;\n",
              "      width: 32px;\n",
              "    }\n",
              "\n",
              "    .colab-df-convert:hover {\n",
              "      background-color: #E2EBFA;\n",
              "      box-shadow: 0px 1px 2px rgba(60, 64, 67, 0.3), 0px 1px 3px 1px rgba(60, 64, 67, 0.15);\n",
              "      fill: #174EA6;\n",
              "    }\n",
              "\n",
              "    .colab-df-buttons div {\n",
              "      margin-bottom: 4px;\n",
              "    }\n",
              "\n",
              "    [theme=dark] .colab-df-convert {\n",
              "      background-color: #3B4455;\n",
              "      fill: #D2E3FC;\n",
              "    }\n",
              "\n",
              "    [theme=dark] .colab-df-convert:hover {\n",
              "      background-color: #434B5C;\n",
              "      box-shadow: 0px 1px 3px 1px rgba(0, 0, 0, 0.15);\n",
              "      filter: drop-shadow(0px 1px 2px rgba(0, 0, 0, 0.3));\n",
              "      fill: #FFFFFF;\n",
              "    }\n",
              "  </style>\n",
              "\n",
              "    <script>\n",
              "      const buttonEl =\n",
              "        document.querySelector('#df-dc1a5c17-0acb-4817-95b4-83c64158921d button.colab-df-convert');\n",
              "      buttonEl.style.display =\n",
              "        google.colab.kernel.accessAllowed ? 'block' : 'none';\n",
              "\n",
              "      async function convertToInteractive(key) {\n",
              "        const element = document.querySelector('#df-dc1a5c17-0acb-4817-95b4-83c64158921d');\n",
              "        const dataTable =\n",
              "          await google.colab.kernel.invokeFunction('convertToInteractive',\n",
              "                                                    [key], {});\n",
              "        if (!dataTable) return;\n",
              "\n",
              "        const docLinkHtml = 'Like what you see? Visit the ' +\n",
              "          '<a target=\"_blank\" href=https://colab.research.google.com/notebooks/data_table.ipynb>data table notebook</a>'\n",
              "          + ' to learn more about interactive tables.';\n",
              "        element.innerHTML = '';\n",
              "        dataTable['output_type'] = 'display_data';\n",
              "        await google.colab.output.renderOutput(dataTable, element);\n",
              "        const docLink = document.createElement('div');\n",
              "        docLink.innerHTML = docLinkHtml;\n",
              "        element.appendChild(docLink);\n",
              "      }\n",
              "    </script>\n",
              "  </div>\n",
              "\n",
              "\n",
              "<div id=\"df-1a950231-3074-4164-9e27-f3ef4b571aa7\">\n",
              "  <button class=\"colab-df-quickchart\" onclick=\"quickchart('df-1a950231-3074-4164-9e27-f3ef4b571aa7')\"\n",
              "            title=\"Suggest charts\"\n",
              "            style=\"display:none;\">\n",
              "\n",
              "<svg xmlns=\"http://www.w3.org/2000/svg\" height=\"24px\"viewBox=\"0 0 24 24\"\n",
              "     width=\"24px\">\n",
              "    <g>\n",
              "        <path d=\"M19 3H5c-1.1 0-2 .9-2 2v14c0 1.1.9 2 2 2h14c1.1 0 2-.9 2-2V5c0-1.1-.9-2-2-2zM9 17H7v-7h2v7zm4 0h-2V7h2v10zm4 0h-2v-4h2v4z\"/>\n",
              "    </g>\n",
              "</svg>\n",
              "  </button>\n",
              "\n",
              "<style>\n",
              "  .colab-df-quickchart {\n",
              "      --bg-color: #E8F0FE;\n",
              "      --fill-color: #1967D2;\n",
              "      --hover-bg-color: #E2EBFA;\n",
              "      --hover-fill-color: #174EA6;\n",
              "      --disabled-fill-color: #AAA;\n",
              "      --disabled-bg-color: #DDD;\n",
              "  }\n",
              "\n",
              "  [theme=dark] .colab-df-quickchart {\n",
              "      --bg-color: #3B4455;\n",
              "      --fill-color: #D2E3FC;\n",
              "      --hover-bg-color: #434B5C;\n",
              "      --hover-fill-color: #FFFFFF;\n",
              "      --disabled-bg-color: #3B4455;\n",
              "      --disabled-fill-color: #666;\n",
              "  }\n",
              "\n",
              "  .colab-df-quickchart {\n",
              "    background-color: var(--bg-color);\n",
              "    border: none;\n",
              "    border-radius: 50%;\n",
              "    cursor: pointer;\n",
              "    display: none;\n",
              "    fill: var(--fill-color);\n",
              "    height: 32px;\n",
              "    padding: 0;\n",
              "    width: 32px;\n",
              "  }\n",
              "\n",
              "  .colab-df-quickchart:hover {\n",
              "    background-color: var(--hover-bg-color);\n",
              "    box-shadow: 0 1px 2px rgba(60, 64, 67, 0.3), 0 1px 3px 1px rgba(60, 64, 67, 0.15);\n",
              "    fill: var(--button-hover-fill-color);\n",
              "  }\n",
              "\n",
              "  .colab-df-quickchart-complete:disabled,\n",
              "  .colab-df-quickchart-complete:disabled:hover {\n",
              "    background-color: var(--disabled-bg-color);\n",
              "    fill: var(--disabled-fill-color);\n",
              "    box-shadow: none;\n",
              "  }\n",
              "\n",
              "  .colab-df-spinner {\n",
              "    border: 2px solid var(--fill-color);\n",
              "    border-color: transparent;\n",
              "    border-bottom-color: var(--fill-color);\n",
              "    animation:\n",
              "      spin 1s steps(1) infinite;\n",
              "  }\n",
              "\n",
              "  @keyframes spin {\n",
              "    0% {\n",
              "      border-color: transparent;\n",
              "      border-bottom-color: var(--fill-color);\n",
              "      border-left-color: var(--fill-color);\n",
              "    }\n",
              "    20% {\n",
              "      border-color: transparent;\n",
              "      border-left-color: var(--fill-color);\n",
              "      border-top-color: var(--fill-color);\n",
              "    }\n",
              "    30% {\n",
              "      border-color: transparent;\n",
              "      border-left-color: var(--fill-color);\n",
              "      border-top-color: var(--fill-color);\n",
              "      border-right-color: var(--fill-color);\n",
              "    }\n",
              "    40% {\n",
              "      border-color: transparent;\n",
              "      border-right-color: var(--fill-color);\n",
              "      border-top-color: var(--fill-color);\n",
              "    }\n",
              "    60% {\n",
              "      border-color: transparent;\n",
              "      border-right-color: var(--fill-color);\n",
              "    }\n",
              "    80% {\n",
              "      border-color: transparent;\n",
              "      border-right-color: var(--fill-color);\n",
              "      border-bottom-color: var(--fill-color);\n",
              "    }\n",
              "    90% {\n",
              "      border-color: transparent;\n",
              "      border-bottom-color: var(--fill-color);\n",
              "    }\n",
              "  }\n",
              "</style>\n",
              "\n",
              "  <script>\n",
              "    async function quickchart(key) {\n",
              "      const quickchartButtonEl =\n",
              "        document.querySelector('#' + key + ' button');\n",
              "      quickchartButtonEl.disabled = true;  // To prevent multiple clicks.\n",
              "      quickchartButtonEl.classList.add('colab-df-spinner');\n",
              "      try {\n",
              "        const charts = await google.colab.kernel.invokeFunction(\n",
              "            'suggestCharts', [key], {});\n",
              "      } catch (error) {\n",
              "        console.error('Error during call to suggestCharts:', error);\n",
              "      }\n",
              "      quickchartButtonEl.classList.remove('colab-df-spinner');\n",
              "      quickchartButtonEl.classList.add('colab-df-quickchart-complete');\n",
              "    }\n",
              "    (() => {\n",
              "      let quickchartButtonEl =\n",
              "        document.querySelector('#df-1a950231-3074-4164-9e27-f3ef4b571aa7 button');\n",
              "      quickchartButtonEl.style.display =\n",
              "        google.colab.kernel.accessAllowed ? 'block' : 'none';\n",
              "    })();\n",
              "  </script>\n",
              "</div>\n",
              "    </div>\n",
              "  </div>\n"
            ],
            "application/vnd.google.colaboratory.intrinsic+json": {
              "type": "dataframe",
